
6454  1  19.95
6704  1  19.95
6953  1  19.95
7202  1  19.95
7452  1  19.95
7702  1  19.95
7952  1  19.95
8201  1  19.95
8451  1  19.95
8700  1  19.95
8949  1  19.95
9199  1  19.95
9449  1  19.95
9698  1  19.95
9948  1  19.95
10198  1  19.95
10447  1  19.95
10696  1  19.95
10946  1  19.95
11196  1  19.95
11446  1  19.95
11695  1  19.95
11944  1  19.95
12194  1  19.95
12443  1  19.95
12693  1  19.95
12943  1  19.95
13193  1  19.95
13442  1  19.95
13691  1  20.03
13941  1  19.95
14191  1  20.03
14440  1  20.03
14690  1  20.03
14940  1  20.03
15190  1  20.03
15438  1  20.03
15688  1  20.03
15938  1  20.03
16188  1  20.03
16437  1  20.03
16687  1  20.03
16936  1  20.03
17186  1  20.03
17435  1  19.95
17685  1  20.03
17935  1  20.03
18185  1  19.88
18434  1  20.03
18683  1  20.03
18933  1  19.95
19182  1  20.03
19432  1  20.03
19682  1  20.03
19931  1  20.03
20180  1  20.03
20430  1  20.03
20680  1  20.03
20929  1  20.03
21179  1  20.03
21429  1  20.03
21678  1  20.03
21927  1  19.95
22177  1  20.03
22427  1  20.10
22676  1  20.10
22926  1  20.03
23176  1  20.10
23426  1  20.03
23674  1  20.10
23924  1  20.10
24174  1  20.10
24424  1  20.10
24673  1  20.10
24923  1  20.10
25172  1  20.10
25421  1  20.10
25671  1  20.10
25921  1  20.10
26171  1  20.10
26420  1  20.10
26670  1  20.10
26919  1  20.10
27169  1  20.10
27418  1  20.10
27668  1  20.10
27918  1  20.10
28168  1  20.03
28417  1  20.10
28666  1  20.10
28916  1  20.10
29166  1  20.10
29415  1  20.10
29665  1  20.10
29915  1  20.10
30164  1  20.10
30413  1  20.18
30663  1  20.10
30913  1  20.10
31162  1  20.18
31412  1  20.18
31662  1  20.18
31911  1  20.03
32160  1  20.18
32410  1  20.18
32660  1  20.18
32910  1  20.10
33159  1  20.18
33409  1  20.34
33658  1  20.18
33908  1  20.18
34158  1  20.18
34407  1  20.18
34657  1  20.18
34907  1  20.18
35156  1  20.03
35405  1  20.57
35655  1  20.18
35905  1  20.18
36155  1  20.18
36404  1  20.18
36654  1  20.10
36903  1  20.10
37153  1  20.18
37402  1  20.26
37652  1  20.26
37902  1  20.26
38151  1  20.26
38401  1  20.18
38650  1  20.10
38900  1  20.26
39150  1  20.26
39399  1  20.26
39649  1  20.26
39899  1  20.26
40148  1  20.26
40397  1  20.18
40647  1  20.26
40897  1  20.26
41146  1  20.26
41396  1  20.18
41646  1  20.26
41895  1  20.26
42144  1  20.18
42394  1  20.26
42644  1  20.26
42894  1  20.26
43143  1  20.26
43393  1  20.26
43642  1  20.26
43892  1  20.26
44141  1  20.26
44391  1  20.26
44641  1  20.26
44891  1  20.26
45139  1  20.26
45389  1  20.34
45639  1  20.34
45889  1  20.34
46138  1  20.18
46388  1  20.34
46638  1  20.34
46887  1  20.26
47136  1  20.34
47386  1  20.26
47636  1  20.34
47886  1  20.34
48135  1  20.34
48385  1  20.34
48634  1  20.34
48884  1  20.34
49134  1  20.34
49383  1  20.34
49633  1  20.34
49883  1  20.34
50132  1  20.34
50381  1  20.34
50631  1  20.34
50881  1  20.34
51131  1  20.34
51380  1  20.34
51630  1  20.34
51879  1  20.34
52129  1  20.41
52378  1  20.34
52628  1  20.41
52878  1  20.41
53128  1  20.41
53377  1  20.26
53626  1  20.34
53876  1  20.41
54126  1  20.41
54376  1  20.41
54625  1  20.41
54875  1  20.41
55124  1  20.41
55373  1  20.41
55623  1  20.41
55873  1  20.41
56123  1  20.41
56372  1  20.41
56622  1  20.41
56871  1  20.41
57121  1  20.41
57370  1  20.41
57620  1  20.41
57870  1  20.41
58120  1  20.41
58369  1  20.34
58618  1  20.41
58868  1  20.41
59118  1  20.41
59367  1  20.41
59617  1  20.41
59867  1  20.49
60115  1  20.49
60365  1  20.41
60615  1  20.49
60865  1  20.49
61114  1  20.49
61364  1  20.49
61614  1  20.49
61862  1  20.49
62112  1  20.49
62362  1  20.49
62612  1  20.49
62861  1  20.49
63111  1  20.49
63361  1  20.41
63609  1  20.49
63859  1  20.49
64109  1  20.49
64359  1  20.49
64608  1  20.49
64858  1  20.49
65107  1  20.49
65356  1  20.49
65606  1  20.49
65856  1  20.49
66106  1  20.49
66355  1  20.49
66605  1  20.57
66854  1  20.57
67103  1  20.57
67353  1  20.49
67603  1  20.49
67853  1  20.57
68102  1  20.57
68352  1  20.57
68601  1  20.57
68851  1  20.57
69100  1  20.57
69350  1  20.57
69600  1  20.57
69850  1  20.57
70098  1  20.57
70348  1  20.57
70598  1  20.57
70847  1  20.57
71097  1  20.57
71347  1  20.57
71597  1  20.57
71845  1  20.57
72095  1  20.57
72345  1  20.57
72595  1  20.57
72845  1  20.57
73094  1  20.49
73344  1  20.57
73593  1  20.57
73843  1  20.65
74092  1  20.57
74342  1  20.65
74592  1  20.65
74841  1  20.57
75090  1  20.65
75341  0  20.80
75593  0  20.73
75844  0  20.80
76095  0  20.80
76346  0  20.80
76597  0  20.80
76848  0  20.80
77099  0  20.80
77349  0  20.80
77600  0  20.80
77852  0  20.80
78103  0  20.80
78354  0  20.80
78605  0  20.80
78856  0  20.73
79107  0  20.80
79357  0  20.80
79609  0  20.80
79860  0  20.80
80111  0  20.80
80362  0  20.80
80613  0  20.80
80864  0  20.80
81115  0  20.80
81367  0  20.80
81617  0  20.80
81868  0  20.80
82119  0  20.80
82370  0  20.88
82621  0  20.88
82872  0  20.88
83123  0  20.80
83375  0  20.88
83625  0  20.88
83876  0  20.73
84127  0  20.88
84378  0  20.88
84629  0  20.80
84881  0  20.88
85132  0  20.88
85383  0  20.88
85634  0  20.88
85884  0  20.88
86135  0  20.88
86386  0  20.88
86637  0  20.88
86889  0  20.88
87140  0  20.88
87391  0  20.88
87642  0  20.88
87892  0  20.88
88143  0  20.88
88394  0  20.88
88645  0  20.88
88897  0  20.88
89148  0  20.88
89399  0  20.80
89650  0  20.88
89901  0  20.88
90151  0  20.88
90402  0  20.88
90653  0  20.88
90905  0  20.88
91156  0  20.88
91407  0  20.80
91658  0  20.88
91909  0  20.88
92160  0  20.88
92410  0  20.88
92661  0  20.88
92913  0  20.88
93164  0  20.88
93415  0  20.88
93666  0  20.88
93917  0  20.88
94168  0  20.96
94418  0  20.96
94669  0  20.96
94921  0  20.88
95172  0  20.88
95423  0  20.96
95674  0  20.96
95925  0  20.88
96176  0  20.88
96428  0  20.96
96678  0  20.96
96929  0  20.96
97180  0  20.88
97431  0  20.88
97682  0  20.96
97933  0  20.96
98184  0  20.96
98435  0  20.96
98685  0  20.96
98937  0  20.96
99188  0  20.96
99439  0  20.96
99690  0  20.96
99941  0  20.96
100192  0  20.96
100443  0  20.96
100695  0  20.96
100945  0  20.96
101196  0  20.96
101447  0  20.96
101699  0  20.96
101950  0  20.96
102201  0  20.96
102452  0  20.88
102703  0  20.96
102955  0  20.96
103205  0  20.96
103456  0  20.96
103707  0  20.96
103959  0  20.96
104210  0  20.96
104461  0  20.96
104712  0  20.96
104963  0  20.96
105214  0  20.96
105465  0  20.96
105716  0  20.96
105967  0  20.88
106219  0  20.96
106470  0  20.96
106721  0  20.96
106972  0  20.96
107223  0  20.96
107474  0  20.96
107725  0  20.96
107976  0  20.96
108227  0  20.96
108478  0  20.96
108730  0  20.96
108981  0  20.96
109232  0  20.96
109483  0  20.96
109733  0  20.96
109985  0  20.96
110236  0  20.96
110487  0  20.96
110738  0  20.96
110989  0  20.96
111241  0  20.96
111492  0  20.96
111742  0  20.96
111993  0  20.96
112244  0  20.96
112496  0  20.96
112747  0  20.96
112998  0  21.04
113249  0  21.04
113500  0  20.96
113752  0  20.96
114002  0  20.96
114253  0  21.04
114504  0  21.04
114756  0  21.04
115007  0  21.04
115258  0  21.04
115509  0  21.04
115760  0  20.96
116011  0  21.04
116262  0  21.04
116513  0  21.04
116764  0  20.96
117015  0  21.04
117266  0  21.04
117518  0  21.04
117769  0  21.04
118020  0  21.04
118270  0  21.04
118521  0  21.04
118773  0  21.04
119024  0  21.04
119275  0  21.04
119526  0  21.04
119777  0  21.04
120029  0  21.04
120280  0  21.04
120530  0  21.12
120781  0  21.04
121033  0  21.04
121284  0  20.96
121535  0  21.04
121786  0  21.04
122037  0  21.04
122289  0  20.96
122540  0  21.04
122790  0  20.96
123041  0  21.04
123292  0  21.04
123544  0  21.04
123795  0  20.96
124046  0  21.04
124297  0  21.04
124548  0  21.04
124800  0  21.04
125050  0  20.96
125301  0  21.04
125552  0  21.04
125803  0  20.96
126055  0  21.04
126306  0  21.04
126557  0  21.04
126808  0  21.04
127058  0  21.04
127309  0  21.04
127561  0  21.04
127812  0  21.04
128063  0  21.04
128314  0  21.04
128565  0  21.04
128817  0  21.04
129068  0  21.04
129318  0  21.04
129569  0  21.04
129820  0  21.04
130071  0  21.04
130323  0  21.04
130574  0  21.04
130825  0  21.04
131076  0  21.04
131326  0  20.96
131578  0  21.04
131829  0  21.04
132080  0  21.04
132331  0  21.04
132582  0  21.04
132833  0  21.04
133085  0  21.04
133336  0  21.04
133586  0  21.04
133837  0  21.04
134088  0  20.96
134340  0  21.04
134591  0  21.04
134842  0  21.04
135093  0  21.04
135344  0  21.04
135596  0  21.04
135846  0  21.04
136097  0  21.04
136348  0  21.12
136599  0  21.04
136851  0  21.04
137102  0  21.04
137353  0  21.04
137604  0  21.04
137854  0  21.04
138106  0  21.12
138357  0  21.04
138608  0  21.12
138859  0  21.12
139110  0  21.04
139362  0  21.04
139613  0  20.96
139864  0  21.04
140114  0  21.04
140365  0  21.04
140616  0  21.12
140868  0  21.12
141119  0  21.04
141370  0  21.12
141621  0  21.12
141872  0  21.12
142124  0  21.12
142374  0  21.12
142625  0  20.96
142876  0  21.12
143127  0  21.12
143379  0  21.12
143630  0  21.04
143881  0  21.04
144132  0  21.12
144382  0  21.12
144634  0  21.04
144885  0  21.12
145136  0  21.12
145387  0  21.12
145638  0  21.12
145890  0  21.12
146141  0  21.12
146392  0  21.12
146642  0  21.12
146894  0  21.12
147145  0  21.12
147396  0  21.12
147647  0  21.12
147899  0  21.12
148150  0  21.12
148401  0  21.12
148652  0  21.12
148903  0  21.12
149154  0  21.12
149405  0  21.12
149656  0  21.12
149907  0  21.12
150159  0  21.12
150410  0  21.04
150661  0  21.12
150912  0  21.12
151162  0  21.12
151414  0  21.12
151665  0  21.12
151916  0  21.12
152167  0  21.12
152418  0  21.04
152670  0  21.12
152921  0  21.12
153171  0  21.12
153422  0  21.12
153674  0  21.12
153925  0  21.12
154176  0  21.12
154427  0  21.12
154678  0  21.12
154930  0  21.12
155181  0  21.12
155431  0  21.12
155682  0  21.12
155933  0  20.18
156185  0  21.12
156436  0  21.12
156687  0  21.12
156938  0  21.12
157190  0  21.20
157441  0  21.12
157691  0  21.12
157942  0  21.12
158193  0  21.12
158444  0  21.12
158696  0  21.12
158947  0  21.12
159198  0  21.12
159449  0  21.12
159700  0  21.12
159951  0  21.20
160202  0  21.20
160453  0  21.20
160704  0  21.12
160956  0  21.20
161207  0  21.12
161458  0  21.12
161709  0  21.12
161960  0  21.20
162211  0  21.12
162462  0  21.20
162713  0  21.20
162964  0  21.20
163216  0  21.12
163467  0  21.20
163718  0  21.20
163969  0  21.20
164219  0  21.20
164471  0  21.20
164722  0  21.20
164973  0  21.12
165224  0  21.20
165475  0  21.20
165727  0  21.20
165978  0  21.29
166228  0  21.20
166479  0  21.12
166730  0  21.20
166982  0  21.20
167233  0  21.20
167484  0  21.20
167735  0  21.12
167986  0  21.20
168238  0  21.20
168488  0  21.20
168739  0  21.20
168990  0  21.29
169241  0  21.20
169493  0  21.12
169744  0  21.20
169995  0  21.12
170246  0  21.20
170497  0  21.20
170748  0  21.20
170999  0  21.20
171250  0  21.20
171501  0  21.20
171752  0  21.20
172004  0  21.12
172255  0  21.20
172506  0  21.20
172756  0  21.20
173007  0  21.20
173259  0  21.20
173510  0  21.20
173761  0  21.20
174012  0  21.12
174263  0  21.20
174515  0  21.20
174766  0  21.20
175016  0  21.20
175267  0  21.20
175518  0  21.12
175770  0  21.12
176021  0  21.20
176272  0  21.20
176523  0  21.12
176774  0  21.20
177026  0  21.20
177276  0  21.20
177527  0  21.20
177778  0  21.20
178030  0  21.20
178281  0  21.20
178532  0  21.20
178783  0  21.20
179034  0  21.20
179286  0  21.20
179536  0  21.20
179787  0  21.20
180038  0  21.20
180289  0  21.20
180541  0  21.29
180792  0  21.20
181043  0  21.20
181294  0  21.20
181544  0  21.20
181795  0  21.20
182047  0  21.20
182298  0  21.20
182549  0  21.29
182800  0  21.20
183052  0  21.20
183303  0  21.29
183554  0  21.20
183804  0  21.29
184055  0  21.29
184307  0  21.29
184558  0  21.29
184809  0  21.20
185060  0  21.20
185311  0  21.29
185563  0  21.20
185814  0  20.10
186064  0  21.29
186315  0  21.29
186566  0  21.20
186817  0  21.29
187069  0  21.29
187320  0  21.29
187571  0  21.29
187822  0  21.29
188072  0  21.29
188324  0  21.20
188575  0  21.29
188826  0  21.29
189077  0  21.29
189328  0  21.29
189580  0  21.29
189831  0  21.29
190082  0  21.29
190332  0  21.29
190584  0  21.29
190835  0  21.20
191086  0  21.29
191337  0  21.29
191589  0  21.20
191840  0  21.29
192091  0  21.29
192342  0  21.29
192592  0  21.29
192843  0  21.29
193095  0  21.29
193346  0  21.29
193597  0  21.29
193848  0  21.12
194099  0  21.29
194351  0  21.29
194601  0  21.20
194852  0  21.29
195103  0  21.29
195354  0  21.29
195606  0  21.29
195857  0  21.29
196108  0  21.29
196359  0  21.29
196611  0  21.29
196861  0  21.29
197112  0  21.29
197363  0  21.29
197614  0  21.20
197866  0  21.29
198117  0  21.29
198368  0  21.29
198619  0  21.29
198871  0  21.29
199121  0  21.29
199372  0  21.29
199623  0  21.29
199875  0  21.29
200126  0  21.29
200377  0  21.29
200628  0  21.29
200879  0  21.29
201131  0  21.29
201381  0  21.29
201632  0  21.29
201883  0  21.29
202135  0  21.29
202386  0  21.29
202637  0  21.29
202888  0  21.29
203139  0  21.29
203390  0  21.29
203641  0  21.29
203892  0  21.29
204143  0  21.29
204395  0  21.29
204646  0  21.29
204897  0  21.29
205148  0  21.29
205399  0  21.29
205650  0  21.29
205901  0  21.29
206152  0  21.37
206403  0  21.37
206654  0  21.37
206906  0  21.29
207157  0  21.29
207408  0  21.37
207659  0  21.37
207909  0  21.37
208161  0  21.37
208412  0  21.37
208663  0  21.37
208914  0  21.29
209166  0  21.29
209417  0  21.37
209668  0  21.29
209918  0  21.37
210169  0  21.37
210421  0  21.29
210672  0  21.37
210923  0  21.37
211174  0  21.37
211425  0  21.37
211677  0  21.37
211928  0  21.29
212178  0  21.29
212429  0  21.37
212680  0  21.37
212932  0  21.37
213183  0  21.37
213434  0  21.37
213685  0  21.37
213937  0  21.37
214188  0  21.29
214438  0  21.37
214689  0  21.37
214941  0  21.37
215192  0  21.37
215443  0  21.45
215694  0  21.37
215945  0  21.37
216197  0  21.37
216448  0  21.29
216698  0  21.37
216949  0  21.37
217200  0  21.45
217452  0  21.37
217703  0  21.37
217954  0  21.37
218205  0  21.37
218457  0  21.37
218707  0  21.37
218958  0  21.37
219209  0  21.37
219461  0  21.37
219712  0  21.37
219963  0  21.37
220214  0  21.20
220466  0  21.37
220717  0  21.37
220967  0  21.29
221218  0  21.37
221469  0  21.37
221721  0  21.37
221972  0  21.37
222223  0  21.37
222474  0  21.37
222725  0  21.37
222976  0  21.37
223227  0  21.37
223478  0  21.37
223729  0  21.29
223980  0  21.37
224231  0  21.37
224483  0  21.37
224734  0  21.37
224985  0  21.37
225235  0  21.37
225487  0  21.37
225738  0  21.37
225989  0  21.37
226240  0  21.37
226492  0  21.37
226743  0  21.37
226994  0  21.37
227245  0  21.37
227495  0  21.29
227747  0  21.45
227998  0  21.37
228249  0  21.45
228500  0  21.45
228752  0  21.37
229003  0  21.37
229254  0  21.45
229505  0  21.45
229756  0  21.45
230007  0  21.45
230258  0  21.45
230509  0  21.45
230760  0  21.45
231012  0  21.45
231263  0  21.45
231514  0  21.45
231764  0  21.45
232016  0  21.45
232267  0  21.45
232518  0  21.45
232769  0  21.45
233021  0  21.45
233272  0  21.45
233523  0  21.45
233774  0  21.45
234024  0  21.45
234276  0  21.45
234527  0  21.45
234778  0  21.45
235029  0  21.45
235281  0  21.45
235532  0  21.37
235783  0  21.45
236034  0  21.45
236284  0  21.45
236536  0  21.45
236787  0  21.45
237038  0  21.45
237289  0  21.45
237541  0  21.45
237792  0  21.45
238043  0  21.45
238294  0  21.45
238544  0  21.45
238796  0  21.45
239047  0  21.45
239298  0  21.45
239549  0  21.45
239800  0  21.45
240052  0  21.45
240303  0  21.45
240553  0  21.45
240804  0  21.45
241056  0  21.45
241307  0  21.45
241558  0  21.45
241809  0  21.45
242061  0  21.45
242312  0  21.45
242563  0  21.45
242813  0  21.45
243064  0  21.45
243316  0  21.45
243567  0  21.45
243818  0  21.45
244069  0  21.45
244320  0  21.45
244572  0  21.45
244823  0  21.45
245073  0  21.45
245324  0  21.45
245576  0  21.45
245827  0  21.45
246078  0  21.45
246329  0  21.45
246580  0  21.45
246832  0  21.45
247083  0  21.45
247333  0  21.45
247584  0  21.45
247836  0  21.45
248087  0  21.45
248338  0  21.45
248589  0  21.45
248841  0  21.45
249092  0  21.45
249342  0  21.45
249593  0  21.45
249844  0  21.37
250096  0  21.45
250347  0  21.45
250598  0  21.45
250849  0  21.45
251101  0  21.45
251352  0  21.45
251602  0  21.45
251853  0  21.45
252104  0  21.45
252356  0  21.45
252607  0  21.45
252858  0  21.45
253109  0  21.45
253360  0  21.45
253612  0  21.45
253862  0  21.45
254113  0  21.45
254364  0  21.45
254616  0  21.45
254867  0  21.45
255118  0  21.37
255369  0  21.45
255621  0  21.45
255872  0  21.45
256122  0  21.45
256373  0  21.45
256624  0  21.45
256876  0  21.37
257127  0  21.45
257378  0  21.45
257629  0  21.45
257881  0  21.45
258131  0  21.45
258382  0  21.45
258633  0  21.45
258884  0  21.45
259136  0  21.45
259387  0  21.45
259638  0  21.45
259889  0  21.45
260141  0  21.45
260391  0  21.45
260642  0  21.45
260893  0  21.45
261145  0  21.45
261396  0  21.45
261647  0  21.45
261898  0  21.45
262149  0  21.45
262401  0  21.45
262651  0  21.45
262902  0  21.45
263153  0  21.45
263405  0  21.45
263656  0  21.45
263907  0  21.45
264158  0  21.45
264410  0  21.45
264660  0  21.45
264911  0  21.45
265162  0  21.45
265413  0  21.45
265665  0  21.45
265916  0  21.45
266167  0  21.45
266418  0  21.45
266669  0  21.45
266920  0  21.45
267171  0  21.45
267422  0  21.45
267673  0  21.45
267925  0  21.45
268176  0  21.45
268427  0  21.45
268678  0  21.45
268930  0  21.45
269180  0  21.45
269431  0  21.45
269682  0  21.45
269933  0  21.45
270185  0  21.45
270436  0  21.45
270687  0  21.45
270938  0  21.45
271188  0  21.45
271440  0  21.45
271691  0  21.45
271942  0  21.45
272193  0  21.45
272445  0  21.45
272696  0  21.45
272947  0  21.45
273198  0  21.45
273448  0  21.45
273700  0  21.45
273951  0  21.45
274202  0  21.45
274453  0  21.45
274705  0  21.45
274956  0  21.45
275207  0  21.45
275458  0  21.45
275709  0  21.45
275960  0  21.45
276211  0  21.45
276462  0  21.45
276713  0  21.45
276965  0  21.45
