6335  0  23.59
6717  0  23.59
7098  0  23.59
7479  0  23.59
7861  0  23.59
8242  0  23.59
8624  0  23.59
9005  0  23.68
9387  0  23.68
9767  0  23.68
10149  0  23.68
10530  0  23.68
10912  0  23.68
11293  0  23.68
11675  0  23.68
12056  0  23.68
12438  0  23.68
12819  0  23.68
13201  0  23.68
13582  0  23.68
13964  0  23.68
14345  0  23.68
14727  0  23.68
15108  0  23.68
15490  0  23.68
15870  0  23.68
16252  0  23.68
16633  0  23.68
17015  0  23.68
17396  0  23.68
17778  0  23.68
18159  0  23.68
18541  0  23.68
18922  0  23.68
19304  0  23.68
19685  0  23.68
20067  0  23.68
20448  0  23.68
20830  0  23.68
21211  0  23.68
21593  0  23.68
21974  0  23.68
22355  0  23.68
22736  0  23.68
23118  0  23.68
23499  0  23.59
23881  0  23.68
24262  0  23.68
24644  0  23.68
25025  0  23.68
25407  0  23.68
25788  0  23.68
26170  0  23.68
26551  0  23.68
26933  0  23.68
27314  0  23.68
27696  0  23.68
28077  0  23.68
28459  0  23.68
28839  0  23.68
29221  0  23.68
29602  0  23.68
29984  0  23.68
30365  0  23.68
30747  0  23.77
31128  0  23.68
31510  0  23.68
31892  0  23.68
32273  0  23.68
32654  0  23.68
33036  0  23.68
33418  0  23.68
33799  0  23.68
34180  0  23.68
34562  0  23.68
34942  0  23.68
35324  0  23.68
35705  0  23.68
36087  0  23.68
36468  0  23.77
36850  0  23.68
37231  0  23.77
37613  0  23.77
37994  0  23.68
38376  0  23.77
38757  0  23.68
39139  0  23.77
39520  0  23.77
39902  0  23.77
40283  0  23.77
40665  0  23.77
41046  0  23.77
41427  0  23.77
41808  0  23.77
42190  0  23.77
42571  0  23.77
42953  0  23.77
43334  0  23.77
43716  0  23.77
44097  0  23.77
44479  0  23.77
44860  0  23.77
45242  0  23.77
45624  0  23.77
46005  0  23.77
46387  0  23.68
46768  0  23.77
47150  0  23.77
47531  0  23.77
47912  0  23.77
48293  0  23.68
48675  0  23.77
49056  0  23.59
49438  0  21.04
49819  0  23.77
50201  0  23.77
50582  0  23.77
50964  0  23.77
51345  0  23.77
51727  0  23.77
52109  0  23.77
52490  0  23.77
52872  0  23.77
53253  0  23.59
53635  0  23.77
54016  0  23.77
54397  0  23.77
54778  0  23.77
55160  0  23.77
55541  0  23.77
55923  0  23.68
56304  0  23.77
56686  0  23.77
57067  0  23.86
57449  0  23.77
57830  0  23.77
58212  0  23.77
58593  0  23.77
58975  0  23.77
59357  0  23.77
59738  0  20.03
60120  1  23.77
60499  1  23.59
60879  1  23.59
61259  1  23.68
61639  1  23.59
62019  1  23.59
62399  1  23.59
62779  1  23.59
63159  1  23.59
63540  1  23.59
63920  1  23.59
64300  1  23.59
64679  1  23.59
65059  1  23.59
65439  1  23.59
65819  1  23.59
66199  1  23.59
66579  1  23.59
66959  1  23.59
67340  1  23.59
67720  1  23.59
68100  1  23.59
68480  1  23.59
68859  1  23.68
69239  1  23.59
69619  1  23.68
69999  1  23.68
70379  1  23.68
70759  1  23.68
71140  1  23.68
71520  1  23.68
71900  1  23.68
72280  1  23.50
72659  1  23.68
73039  1  22.54
73419  1  23.68
73799  1  23.68
74179  1  23.68
74560  1  23.68
74940  1  23.68
75320  1  23.68
75700  1  23.68
76080  1  23.68
76460  1  23.68
76839  1  23.68
77219  1  23.68
77599  1  23.68
77979  1  23.59
78360  1  22.03
78740  1  23.68
79120  1  23.77
79500  1  23.68
79880  1  23.68
80260  1  23.68
80640  1  23.68
81019  1  23.68
81399  1  23.77
81780  1  23.77
82160  1  23.77
82540  1  23.77
82920  1  23.77
83300  1  23.77
83680  1  23.77
84060  1  23.77
84440  1  23.77
84819  1  23.77
85200  1  23.77
85580  1  23.77
85960  1  23.77
86340  1  23.77
86720  1  23.86
87100  1  23.77
87480  1  23.77
87860  1  23.77
88240  1  23.77
88621  1  23.77
89000  1  23.77
89380  1  23.77
89760  1  23.77
90140  1  23.77
90520  1  23.77
90900  1  23.77
91280  1  23.86
91660  1  23.86
92040  1  23.86
92421  1  23.86
92801  1  23.86
93180  1  23.86
93560  1  23.86
93940  1  23.86
94320  1  23.86
94700  1  23.86
95080  1  23.86
95461  1  23.86
95841  1  23.86
96221  1  23.86
96601  1  23.86
96980  1  23.86
97360  1  23.86
97740  1  23.86
98120  1  23.86
98500  1  23.86
98881  1  23.86
99261  1  23.41
99641  1  23.95
100021  1  23.95
100401  1  23.95
100781  1  23.95
101160  1  23.95
101541  1  23.86
101921  1  23.95
102301  1  23.95
102681  1  23.95
103061  1  23.95
103441  1  23.95
103822  1  23.95
104202  1  23.95
104582  1  23.95
104962  1  23.95
105341  1  23.95
105721  1  23.95
106101  1  23.95
106481  1  23.95
106862  1  24.04
107242  1  23.95
107622  1  23.50
108002  1  24.04
108382  1  24.04
108762  1  24.04
109143  1  24.04
109522  1  24.04
109902  1  23.86
110282  1  24.04
110662  1  24.04
111042  1  24.13
111422  1  24.04
111803  1  24.04
112183  1  24.04
112563  1  24.04
112943  1  23.86
113323  1  24.04
113702  1  24.04
114083  1  24.04
114463  1  24.04
114843  1  24.04
115223  1  24.04
115603  1  24.04
115983  1  24.04
116363  1  24.04
116744  1  24.04
117124  1  24.04
117504  1  24.13
117883  1  24.13
118263  1  24.13
118643  1  24.13
119024  1  24.13
119404  1  24.13
119784  1  24.13
120164  1  23.14
120544  1  24.13
120924  1  24.13
121304  1  24.13
121684  1  21.61
122064  1  24.13
122444  1  24.13
122824  1  24.13
123204  1  24.13
123585  1  24.13
123965  1  24.13
124345  1  24.13
124725  1  24.13
125105  1  24.22
125485  1  24.22
125864  1  24.22
126245  1  24.13
126625  1  24.22
127005  1  24.22
127385  1  24.22
127765  1  24.22
128146  1  24.22
128526  1  24.22
128906  1  24.22
129286  1  24.22
129666  1  24.22
130045  1  22.71
130426  1  24.22
130806  1  24.22
131186  1  24.22
131566  1  24.22
131946  1  24.22
132326  1  24.22
132706  1  24.22
133087  1  24.22
133467  1  24.22
133847  1  24.22
134226  1  24.31
134606  1  24.31
134986  1  24.22
135367  1  24.31
135747  1  24.22
136127  1  24.31
136507  1  24.22
136887  1  24.31
137267  1  24.31
137647  1  24.13
138028  1  24.31
138407  1  24.31
138787  1  24.31
139167  1  24.31
139547  1  21.94
139927  1  24.31
140307  1  24.31
140687  1  24.31
141068  1  24.31
141448  1  24.31
141828  1  24.31
142208  1  24.31
142587  1  24.31
142967  1  24.31
143347  1  24.40
143728  1  24.31
144108  1  24.40
144488  1  24.40
144868  1  24.40
145248  1  24.40
145628  1  24.40
146009  1  24.40
146388  1  24.40
146768  1  24.40
147148  1  24.40
147528  1  24.40
147908  1  24.40
148289  1  24.40
148669  1  24.40
149049  1  24.40
149429  1  24.50
149809  1  24.40
150189  1  24.40
150568  1  24.40
150948  1  24.40
151329  1  24.50
151709  1  24.40
152089  1  24.50
152469  1  24.50
152849  1  24.50
153229  1  24.50
153610  1  24.50
153990  1  24.50
154370  1  24.50
154749  1  24.50
155129  1  24.50
155509  1  24.50
155889  1  24.50
156270  1  24.50
156650  1  24.50
157030  1  24.50
157410  1  24.50
157790  1  24.50
158170  1  24.50
158550  1  24.50
158930  1  24.50
159310  1  24.50
159690  1  24.59
160070  1  24.50
160450  1  24.59
160830  1  24.50
161210  1  24.59
161591  1  24.50
161971  1  24.59
162351  1  24.59
162731  1  24.59
163110  1  24.59
163490  1  24.59
163870  1  24.59
164251  1  24.59
164631  1  24.59
165011  1  24.59
165391  1  24.59
165771  1  24.59
166151  1  24.59
166532  1  24.59
166912  1  24.59
167291  1  24.59
167671  1  23.77
168051  1  24.59
168431  1  24.59
168811  1  24.59
169192  1  24.68
169572  1  24.68
169952  1  24.59
170332  1  24.68
170712  1  24.59
171092  1  24.68
171472  1  24.68
171852  1  24.68
172232  1  24.68
172612  1  24.68
172992  1  24.68
173372  1  24.68
173752  1  24.59
174132  1  24.68
174513  1  24.68
174893  1  24.68
175272  1  24.68
175652  1  24.68
176032  1  24.68
176412  1  24.68
176793  1  24.68
177173  1  24.68
177553  1  24.68
177933  1  24.68
178313  1  24.68
178693  1  24.87
179073  1  24.77
179453  1  24.77
179833  1  24.77
180213  1  24.77
180593  1  24.77
180973  1  24.77
181353  1  24.77
181734  1  24.77
182114  1  25.06
182494  1  24.77
182874  1  24.59
183254  1  24.77
183633  1  24.77
184013  1  24.77
184394  1  24.77
184774  1  24.77
185154  1  24.77
185534  1  24.77
185914  1  24.77
186294  1  24.77
186674  1  24.77
187055  1  24.77
187435  1  24.77
187814  1  24.77
188194  1  24.87
188574  1  24.87
188954  1  24.87
189334  1  24.87
189715  1  24.87
190095  1  24.87
190475  1  24.87
190855  1  24.87
191235  1  24.87
191614  1  24.87
191995  1  24.87
192375  1  24.87
192755  1  24.87
193135  1  24.87
193515  1  24.87
193895  1  24.87
194276  1  24.87
194656  1  24.87
195036  1  24.87
195416  1  24.87
195795  1  24.87
196175  1  24.87
196556  1  24.87
196936  1  24.87
197316  1  24.87
197696  1  24.87
198076  1  24.96
198456  1  24.96
198836  1  24.87
199216  1  24.96
199597  1  24.87
199976  1  24.96
200356  1  24.96
200736  1  24.96
201116  1  24.96
201496  1  24.96
201876  1  24.96
202257  1  24.96
202637  1  24.96
203017  1  24.96
203397  1  24.96
203777  1  24.96
204157  1  24.96
204537  1  24.96
204917  1  24.96
205297  1  24.96
205677  1  24.96
206057  1  24.87
206437  1  24.96
206818  1  25.06
207198  1  25.06
207578  1  25.06
207958  1  25.06
208337  1  25.06
208717  1  25.06
209097  1  24.96
209478  1  25.06
209858  1  25.06
210238  1  25.06
210618  1  25.06
210998  1  25.06
211378  1  25.06
211758  1  25.06
212139  1  25.06
212518  1  25.06
212898  1  25.06
213278  1  25.06
213658  1  25.06
214038  1  25.06
214418  1  25.06
214799  1  25.06
215179  1  25.15
215559  1  25.06
215939  1  25.06
216318  1  25.06
216698  1  25.06
217079  1  25.15
217459  1  25.25
217839  1  25.15
218219  1  25.15
218599  1  25.15
218979  1  25.15
219360  1  25.15
219740  1  25.15
220120  1  25.15
220499  1  25.15
220879  1  25.15
221259  1  25.15
221640  1  25.15
222020  1  25.15
222400  1  25.15
222780  1  25.25
223160  1  25.15
223540  1  25.15
223920  1  25.15
224301  1  25.15
224680  1  25.15
225060  1  25.15
225440  1  25.25
225820  1  25.15
226200  1  25.15
226581  1  25.15
226961  1  25.25
227341  1  25.25
227721  1  25.25
228101  1  25.25
228481  1  25.25
228861  1  25.25
229241  1  25.25
229621  1  25.25
230001  1  25.25
230381  1  25.25
230761  1  25.25
231141  1  25.25
231522  1  25.25
231902  1  25.25
232282  1  25.25
232662  1  25.25
233041  1  25.25
233422  1  25.25
233802  1  25.25
234182  1  25.25
234562  1  25.25
234942  1  25.25
235322  1  25.25
235703  1  25.25
236083  1  25.34
236463  1  25.25
236843  1  25.34
237222  1  25.34
237602  1  25.34
237983  1  25.25
238363  1  25.34
238743  1  25.34
239123  1  25.34
239503  1  20.57
239883  1  25.34
240264  1  25.34
240644  1  25.34
241024  1  25.34
241403  1  25.34
241783  1  25.34
242163  1  25.34
242543  1  25.34
242924  1  25.34
243304  1  25.34
243684  1  25.34
244064  1  25.34
244444  1  25.34
244824  1  25.34
245204  1  25.34
245584  1  25.34
245964  1  25.34
246344  1  25.34
246724  1  24.31
247104  1  25.44
247485  1  25.44
247865  1  25.44
248245  1  25.44
248625  1  25.44
249005  1  25.44
249384  1  25.44
249765  1  25.44
250145  1  25.44
250525  1  25.44
250905  1  25.44
251285  1  25.44
251665  1  25.44
252045  1  25.44
252425  1  25.44
252806  1  25.44
253186  1  25.44
253565  1  25.53
253945  1  25.44
254325  1  25.44
254705  1  25.44
255085  1  25.44
255466  1  25.44
255846  1  25.44
256226  1  25.53
256606  1  25.44
256986  1  25.44
257366  1  25.53
257746  1  25.44
258126  1  25.53
258506  1  25.53
258886  1  25.44
259266  1  25.53
259647  1  25.44
260027  1  25.63
260407  1  25.53
260787  1  25.63
261167  1  25.53
261547  1  25.53
261927  1  25.53
262307  1  25.53
262687  1  25.53
263067  1  25.53
263447  1  25.53
263827  1  25.53
264208  1  25.53
264588  1  25.53
264968  1  25.53
265348  1  25.53
265728  1  25.53
266107  1  25.63
266487  1  25.63
266868  1  25.63
267248  1  25.63
267628  1  25.63
268008  1  25.63
268388  1  25.63
268768  1  25.63
269148  1  25.63
269529  1  25.63
269908  1  25.63
270288  1  25.63
270668  1  25.63
271048  1  25.63
271429  1  25.63
271809  1  25.63
272189  1  25.63
272569  1  25.63
272949  1  25.63
273329  1  25.63
273709  1  25.53
274089  1  25.63
274469  1  25.63
274849  1  25.63
275229  1  25.63
275609  1  25.63
275989  1  25.63
276369  1  25.72
276750  1  25.72
277130  1  25.72
277510  1  25.72
277890  1  25.72
278269  1  25.53
278649  1  25.72
279030  1  25.72
279410  1  25.72
279790  1  25.72
280170  1  25.72
280550  1  25.72
280930  1  25.72
281310  1  25.72
281691  1  25.72
282071  1  25.72
282450  1  25.72
282830  1  25.72
283210  1  25.72
283591  1  25.72
283971  1  25.72
284351  1  25.72
284731  1  25.72
285111  1  25.72
285491  1  25.82
285871  1  25.72
286252  1  25.82
286631  1  25.82
287011  1  25.53
287391  1  25.82
287771  1  25.82
288151  1  25.82
288532  1  25.82
288912  1  25.92
289292  1  25.82
289672  1  25.82
290052  1  25.82
290432  1  25.82
290812  1  25.82
291192  1  25.82
291572  1  25.82
291952  1  25.82
292332  1  25.82
292712  1  25.82
293093  1  25.82
293473  1  25.82
293853  1  25.82
294233  1  25.82
294612  1  25.72
294992  1  25.82
295373  1  25.82
295753  1  25.82
296133  1  25.82
296513  1  25.82
296893  1  25.82
297273  1  25.92
297653  1  25.92
298034  1  25.92
298414  1  25.92
298793  1  25.92
299173  1  24.50
299553  1  25.92
299934  1  25.92
300314  1  25.92
300694  1  25.92
301074  1  25.92
301454  1  25.92
301834  1  25.92
302214  1  25.92
302595  1  25.92
302974  1  25.92
303354  1  25.92
303734  1  25.92
304114  1  25.92
304495  1  25.92
304875  1  25.92
305255  1  25.92
305635  1  25.92
306015  1  25.92
306395  1  25.92
306775  1  25.92
307155  1  25.92
307535  1  26.02
307915  1  25.92
308295  1  26.02
308675  1  26.02
309055  1  26.02
309436  1  26.02
309816  1  26.02
310196  1  26.02
310576  1  26.02
310956  1  26.02
311335  1  26.02
311715  1  26.02
312095  1  26.02
312476  1  26.02
312856  1  23.95
313236  1  26.02
313616  1  26.11
313996  1  26.02
314376  1  26.02
314757  1  26.02
315137  1  26.02
315516  1  26.02
315896  1  26.02
316276  1  26.02
316656  1  26.02
317036  1  26.02
317416  1  26.11
317797  1  26.02
318177  1  26.11
318557  1  26.11
318937  1  26.11
319316  1  26.11
319696  1  26.11
320077  1  26.11
320457  1  26.11
320837  1  26.11
321217  1  26.11
321597  1  26.11
321977  1  26.11
322357  1  26.11
322738  1  26.21
323118  1  26.11
323497  1  25.82
323877  1  26.11
324257  1  26.11
324637  1  26.11
325018  1  26.11
325398  1  26.11
325778  1  26.11
326158  1  26.11
326538  1  26.11
326918  1  26.11
327299  1  26.11
327678  1  26.11
328058  1  26.11
328438  1  23.59
328818  1  26.21
329198  1  26.21
329579  1  26.21
329959  1  26.11
330339  1  26.21
330719  1  26.21
331099  1  26.21
331479  1  26.21
331859  1  26.31
332239  1  26.21
332619  1  26.21
332999  1  26.21
333379  1  26.21
333759  1  26.21
334140  1  26.21
334520  1  26.21
334900  1  26.21
335280  1  26.21
335660  1  26.21
336039  1  26.11
336420  1  26.21
336800  1  26.21
337180  1  26.21
337560  1  26.21
337940  1  26.31
338320  1  26.21
338701  1  26.21
339081  1  26.21
339461  1  26.31
339841  1  26.31
340220  1  26.31
340600  1  26.31
340981  1  26.31
341361  1  26.31
341741  1  26.31
342121  1  26.21
342501  1  26.31
342881  1  26.31
343262  1  26.31
343642  1  26.31
344022  1  26.31
344401  1  26.31
344781  1  26.31
345161  1  26.31
345542  1  26.31
345922  1  26.31
346302  1  23.23
346682  1  26.31
347062  1  26.31
347442  1  26.31
347823  1  26.31
348203  1  26.31
348582  1  26.31
348962  1  26.31
349342  1  26.31
349722  1  26.41
350102  1  26.41
350483  1  26.41
350863  1  26.41
351243  1  26.41
351623  1  26.41
352003  1  26.41
352384  1  26.41
352763  1  26.41
353143  1  26.41
353523  1  25.06
353903  1  26.41
354283  1  26.41
354663  1  26.41
355044  1  26.41
355424  1  26.41
355804  1  26.41
356184  1  26.41
356563  1  26.51
356944  1  26.41
357324  1  26.41
357704  1  26.51
358084  1  26.41
358464  1  26.41
358844  1  26.41
359225  1  26.41
359605  1  26.41
359985  1  26.41
360365  0  26.51
360747  0  26.61
361127  0  26.71
361509  0  26.71
361890  0  26.71
362272  0  26.11
362654  0  26.71
363035  0  26.71
363417  0  26.71
363798  0  26.71
364180  0  26.71
364562  0  26.71
364943  0  26.71
365325  0  26.71
365706  0  26.71
366088  0  26.71
366469  0  26.71
366851  0  26.71
367233  0  26.71
367613  0  26.71
367995  0  26.71
368376  0  26.71
368758  0  26.71
369140  0  26.71
369521  0  26.80
369903  0  26.71
370284  0  26.71
370666  0  26.71
371047  0  26.80
371429  0  26.71
371811  0  26.71
372192  0  26.71
372574  0  26.80
372955  0  26.80
373337  0  26.80
373718  0  26.80
374099  0  26.80
374481  0  26.80
374862  0  26.80
375244  0  26.80
375625  0  26.80
376007  0  26.80
376388  0  26.80
376770  0  26.80
377151  0  26.71
377533  0  26.80
377915  0  26.80
378296  0  26.80
378678  0  26.80
379059  0  26.80
379441  0  26.80
379822  0  26.80
380204  0  26.80
380585  0  26.80
380966  0  26.80
381348  0  26.80
381729  0  26.80
382111  0  26.80
382492  0  26.80
382874  0  26.80
383255  0  26.80
383637  0  26.80
384018  0  21.45
384400  0  26.80
384782  0  26.80
385163  0  26.80
385545  0  26.80
385926  0  26.80
386308  0  26.80
386689  0  26.80
387070  0  26.80
387451  0  26.80
387833  0  26.80
388214  0  26.80
388596  0  26.80
388977  0  26.80
389359  0  26.80
389741  0  26.80
390122  0  26.80
390504  0  26.80
390885  0  26.80
391267  0  26.80
391648  0  26.80
392030  0  26.80
392411  0  26.80
392793  0  26.80
393174  0  26.80
393555  0  26.80
393937  0  26.80
394318  0  26.80
394700  0  26.80
395081  0  26.80
395463  0  26.80
395844  0  26.80
396226  0  26.80
396607  0  26.80
396989  0  26.71
397371  0  26.80
397752  0  26.80
398134  0  26.80
398515  0  26.80
398897  0  26.80
399278  0  26.80
399660  0  26.80
400040  0  26.80
400422  0  26.80
400804  0  26.80
401185  0  26.80
401567  0  26.80
401948  0  26.80
402330  0  26.80
402711  0  26.80
403093  0  26.80
403474  0  26.71
403856  0  26.80
404237  0  26.80
404619  0  26.80
405000  0  26.80
405382  0  26.80
405764  0  26.80
406145  0  26.80
406526  0  26.80
406907  0  26.80
407289  0  26.80
407670  0  26.80
408052  0  26.80
408434  0  26.80
408815  0  26.80
409197  0  26.80
409578  0  26.80
409960  0  26.80
410341  0  26.80
410723  0  26.80
411104  0  26.80
411486  0  26.80
411868  0  26.80
412249  0  26.80
412631  0  26.80
413011  0  26.80
413393  0  26.80
413774  0  26.80
414156  0  26.80
414537  0  26.80
414919  0  26.80
415301  0  26.80
415682  0  26.80
416064  0  26.51
416445  0  26.80
416827  0  26.80
417208  0  26.80
417590  0  26.71
417972  0  26.91
418353  0  26.80
418735  0  26.80
419116  0  26.80
419497  0  26.80
419878  0  26.91
420260  0  26.80
420641  0  26.80
421023  0  26.80
421405  0  26.80
421786  0  26.80
422168  0  26.80
422549  0  26.80
422931  0  26.80
423312  0  26.80
423694  0  26.80
424076  0  24.59
424457  0  26.80
424839  0  26.80
425220  0  26.80
425602  0  26.80
425982  0  26.91
426364  0  26.80
426745  0  26.80
427127  0  26.91
427509  0  26.80
427890  0  26.80
428272  0  26.80
428653  0  26.80
429035  0  26.80
429416  0  26.80
429798  0  26.80
430179  0  26.80
430561  0  26.80
430942  0  26.71
431324  0  26.80
431706  0  26.80
432087  0  26.80
432468  0  26.80
432849  0  26.80
433231  0  26.80
433612  0  26.80
433994  0  23.59
434376  0  26.80
434757  0  26.80
435139  0  26.80
435520  0  26.80
435902  0  26.80
436283  0  26.80
436665  0  26.80
437046  0  26.80
437428  0  26.80
437810  0  26.80
438191  0  26.80
438573  0  26.80
438953  0  26.80
439335  0  26.80
439716  0  26.80
440098  0  21.37
440479  0  26.71
440861  0  25.63
441243  0  26.80
441624  0  26.80
442006  0  26.80
442387  0  26.80
442769  0  26.80
443150  0  26.80
443532  0  26.80
443914  0  26.80
444295  0  26.91
444677  0  26.80
445058  0  26.80
445440  0  26.80
445820  0  26.80
446202  0  26.80
446583  0  26.80
446965  0  26.80
447347  0  22.88
447728  0  26.80
448110  0  26.80
448491  0  26.80
448873  0  26.80
449254  0  26.80
449636  0  26.80
450017  0  26.80
450399  0  26.80
450780  0  26.80
451162  0  26.80
451544  0  26.80
451924  0  26.80
452306  0  26.80
452687  0  26.80
453069  0  26.80
453450  0  26.80
453832  0  26.80
454213  0  26.80
454595  0  26.80
454977  0  26.80
455358  0  26.80
455740  0  26.80
456121  0  26.80
456503  0  26.80
456884  0  26.80
457266  0  26.80
457648  0  26.80
458029  0  26.71
458411  0  26.80
458791  0  26.80
459173  0  26.80
459554  0  26.80
459936  0  26.80
460317  0  26.80
460699  0  26.80
461081  0  26.31
461462  0  26.80
461844  0  26.80
462225  0  26.80
462607  0  26.80
462988  0  26.91
463370  0  26.80
463751  0  26.80
464133  0  26.91
464515  0  26.80
464896  0  26.80
465277  0  26.80
465658  0  26.80
466040  0  26.80
466421  0  26.80
466803  0  26.80
467184  0  26.80
467566  0  26.80
467948  0  26.80
468329  0  26.80
468711  0  26.91
469092  0  26.80
469474  0  26.80
469855  0  26.80
470237  0  26.80
470618  0  26.80
471000  0  26.80
471382  0  26.91
471762  0  26.80
472144  0  26.80
472525  0  26.80
472907  0  26.80
473288  0  26.80
473670  0  26.80
474052  0  26.80
474433  0  26.80
474815  0  26.80
475196  0  26.80
475578  0  26.80
475959  0  26.80
476341  0  26.80
476723  0  26.80
477104  0  26.80
477486  0  26.80
477867  0  26.80
478248  0  26.02
478629  0  26.80
479011  0  26.80
479393  0  26.80
479774  0  26.80
480156  0  26.80
480537  0  26.80
480919  0  26.80
481300  0  26.80
481682  0  26.80
482063  0  26.80
482445  0  26.80
482827  0  26.71
483208  0  26.80
483590  0  26.80
483971  0  26.80
484353  0  26.80
484733  0  26.91
485115  0  26.80
485497  0  26.80
485878  0  26.80
486260  0  26.80
486641  0  26.80
487023  0  26.80
487404  0  26.80
487786  0  26.80
488167  0  23.77
488549  0  26.80
488931  0  26.80
489312  0  26.80
489694  0  26.80
490075  0  26.80
490457  0  26.80
490838  0  26.91
491219  0  26.80
491601  0  26.61
491982  0  26.80
492364  0  26.80
492745  0  21.53
493127  0  26.91
493508  0  26.80
493890  0  26.91
494272  0  26.80
494653  0  26.91
495035  0  26.80
495416  0  26.80
495798  0  26.80
496179  0  26.80
496561  0  26.80
496943  0  26.11
497324  0  26.80
497705  0  26.80
498086  0  26.80
498468  0  26.80
498849  0  26.91
499231  0  26.91
499613  0  26.80
499994  0  26.80
500376  0  26.80
500757  0  26.80
501139  0  26.80
501520  0  26.91
501902  0  26.80
502284  0  26.80
502665  0  26.91
503047  0  26.91
503428  0  26.91
503810  0  26.91
504190  0  26.80
504572  0  26.80
504954  0  26.91
505335  0  26.80
505717  0  26.91
506098  0  26.80
506480  0  26.91
506861  0  26.80
507243  0  26.91
507624  0  26.80
508006  0  26.80
508388  0  26.91
508769  0  26.80
509151  0  26.80
509532  0  26.91
509914  0  26.80
510296  0  26.91
510676  0  26.80
511058  0  26.80
511439  0  26.91
511821  0  26.91
512202  0  26.91
512584  0  26.91
512966  0  26.91
513347  0  26.91
513729  0  26.91
514110  0  26.80
514492  0  26.80
514874  0  26.80
515255  0  26.91
515637  0  26.91
516018  0  26.91
516400  0  26.91
516782  0  26.91
517163  0  26.80
517544  0  26.91
517925  0  26.91
518307  0  26.91
518688  0  26.91
519070  0  26.80
519451  0  26.91
519833  0  26.91
520215  0  26.91
520596  0  26.91
520978  0  26.91
521359  0  26.91
521741  0  26.91
522123  0  26.91
522504  0  26.91
522886  0  26.91
523267  0  26.91
523649  0  26.91
524030  0  26.91
524411  0  26.91
524793  0  26.91
525174  0  26.91
525556  0  26.91
525938  0  26.91
526319  0  26.91
526701  0  26.91
527082  0  26.91
527464  0  26.91
527845  0  26.91
528227  0  26.91
528609  0  26.71
528990  0  26.91
529372  0  26.91
529753  0  26.91
530135  0  26.91
530515  0  26.91
530897  0  26.91
531279  0  26.91
531660  0  26.91
532042  0  26.91
532423  0  26.91
532805  0  26.91
533187  0  26.91
533568  0  26.91
533950  0  26.91
534331  0  26.91
534713  0  26.91
535095  0  26.91
535476  0  26.91
535858  0  26.91
536239  0  26.91
536621  0  26.91
537001  0  27.01
537383  0  26.91
537765  0  26.91
538146  0  27.01
538528  0  26.91
538909  0  26.91
539291  0  26.91
539673  0  26.91
540054  0  26.91
540436  0  26.91
540817  0  26.91
541199  0  26.91
541580  0  26.91
541962  0  26.91
542344  0  26.91
542725  0  26.91
543107  0  26.80
543488  0  26.91
543869  0  26.91
544251  0  26.91
544632  0  26.91
545014  0  26.91
545395  0  26.91
545777  0  26.80
546159  0  26.91
546540  0  26.91
546922  0  26.91
547303  0  26.91
547685  0  26.91
548066  0  26.91
548448  0  26.91
548830  0  26.91
549211  0  26.91
549593  0  26.91
549974  0  26.91
550355  0  27.01
550737  0  26.91
551118  0  26.91
551500  0  26.91
551881  0  26.91
552263  0  26.91
552644  0  26.91
553026  0  26.91
553408  0  26.91
553789  0  26.51
554171  0  26.91
554552  0  26.91
554934  0  26.91
555316  0  26.91
555697  0  26.91
556079  0  26.91
556460  0  27.01
556841  0  26.91
557222  0  26.91
557604  0  26.91
557986  0  26.91
558367  0  26.91
558749  0  26.91
559130  0  26.91
559512  0  26.91
559894  0  26.91
560275  0  26.80
560657  0  26.91
561038  0  26.91
561420  0  26.91
561801  0  26.91
562183  0  26.91
562564  0  26.71
562946  0  26.91
563328  0  26.91
563708  0  26.91
564090  0  26.91
564471  0  26.91
564853  0  26.91
565235  0  26.91
565616  0  26.91
565998  0  26.91
566379  0  26.91
566761  0  26.91
567143  0  26.91
567524  0  26.91
567906  0  26.91
568287  0  26.91
568669  0  26.91
569051  0  26.91
569432  0  26.91
569814  0  26.91
570194  0  26.91
570576  0  26.91
570958  0  26.91
571339  0  26.91
571721  0  26.91
572102  0  26.91
572484  0  26.91
572865  0  26.91
573247  0  26.91
573629  0  27.01
574010  0  26.91
574392  0  26.91
574773  0  26.91
575155  0  26.80
575537  0  26.91
575918  0  26.91
576300  0  26.91
576680  0  26.91
577062  0  26.91
577444  0  26.91
577825  0  26.91
578207  0  26.91
578588  0  26.91
578970  0  26.91
579351  0  26.91
579733  0  26.91
580115  0  26.91
580496  0  26.91
580878  0  26.91
581259  0  26.91
581641  0  26.91
582022  0  27.01
582404  0  26.91
582786  0  26.91
583166  0  26.91
583548  0  26.91
583929  0  26.91
584311  0  26.91
584693  0  26.91
585074  0  26.91
585456  0  26.91
585837  0  26.91
586219  0  26.91
586601  0  26.91
586982  0  26.91
587364  0  26.91
587745  0  26.91
588127  0  26.91
588508  0  26.91
588890  0  27.01
589271  0  26.91
589652  0  26.91
590034  0  26.91
590415  0  26.91
590797  0  26.91
591178  0  26.91
591560  0  26.91
591942  0  26.91
592323  0  26.91
592705  0  26.91
593086  0  26.91
593468  0  26.91
593850  0  26.91
594231  0  26.91
594613  0  26.91
594994  0  26.91
595376  0  26.91
595758  0  26.91
596139  0  26.91
596520  0  26.91
596901  0  26.91
597283  0  26.91
597665  0  26.91
598046  0  26.91
598428  0  27.01
598809  0  26.91
599191  0  26.91
599573  0  26.91
599954  0  26.91
600336  0  26.91
600717  0  26.71
601099  0  26.91
601480  0  26.91
601862  0  26.91
602244  0  26.91
602625  0  26.91
603006  0  27.01
603388  0  26.91
603769  0  27.01
604151  0  26.91
604532  0  26.91
604914  0  26.91
605295  0  26.91
605677  0  25.53
606059  0  26.91
606440  0  26.91
606822  0  26.91
607203  0  26.91
607585  0  26.91
607967  0  26.91
608348  0  26.91
608730  0  26.80
609111  0  26.91
609492  0  26.91
609874  0  26.80
610255  0  26.91
610637  0  26.91
611018  0  26.91
611400  0  27.01
611781  0  26.91
612163  0  26.91
612545  0  26.91
612926  0  27.11
613308  0  26.91
613690  0  26.91
614071  0  26.91
614453  0  26.91
614834  0  26.91
615216  0  26.91
615597  0  26.91
