6335  0  22.37
6715  1  22.20
7095  1  22.20
7475  1  22.20
7855  1  22.11
8235  1  22.20
8614  1  22.20
8994  1  22.20
9374  1  22.20
9754  1  22.20
10135  1  22.11
10515  1  22.28
10895  1  22.20
11275  1  22.20
11655  1  22.20
12035  1  22.20
12414  1  22.20
12794  1  22.28
13174  1  22.20
13554  1  22.28
13935  1  22.28
14315  1  22.28
14695  1  22.28
15075  1  22.28
15455  1  22.28
15835  1  22.28
16215  1  22.37
16594  1  22.28
16975  1  22.37
17355  1  22.28
17735  1  22.28
18115  1  22.28
18495  1  22.28
18875  1  22.28
19255  1  22.28
19635  1  22.28
20016  1  22.28
20396  1  22.37
20775  1  22.37
21155  1  22.37
21535  1  22.37
21915  1  22.37
22295  1  22.37
22675  1  22.37
23055  1  22.37
23436  1  22.37
23816  1  22.37
24196  1  22.37
24576  1  22.37
24955  1  22.28
25335  1  22.37
25715  1  22.37
26095  1  22.37
26476  1  22.37
26856  1  22.37
27236  1  22.45
27616  1  22.45
27996  1  22.54
28376  1  22.62
28755  1  22.45
29135  1  22.45
29515  1  22.45
29896  1  22.45
30276  1  22.45
30656  1  22.45
31036  1  22.45
31416  1  22.45
31796  1  22.45
32176  1  22.45
32556  1  22.45
32935  1  22.45
33315  1  22.54
33696  1  22.45
34076  1  22.54
34456  1  22.54
34836  1  22.54
35216  1  22.54
35596  1  22.71
35976  1  22.54
36356  1  22.45
36736  1  22.54
37116  1  22.45
37496  1  22.45
37876  1  22.54
38256  1  22.54
38636  1  22.54
39016  1  22.62
39396  1  22.62
39776  1  22.54
40156  1  22.62
40536  1  22.62
40916  1  22.62
41296  1  22.62
41676  1  22.71
42056  1  22.37
42436  1  22.62
42816  1  22.62
43196  1  22.62
43576  1  22.62
43956  1  22.79
44337  1  22.62
44717  1  22.62
45096  1  22.62
45476  1  22.62
45856  1  22.62
46236  1  22.62
46616  1  22.62
46996  1  22.71
47376  1  22.79
47757  1  22.62
48137  1  22.71
48517  1  22.71
48897  1  22.71
49276  1  21.78
49656  1  22.71
50036  1  22.71
50416  1  22.71
50796  1  22.71
51177  1  21.45
51557  1  22.62
51937  1  22.71
52317  1  22.79
52697  1  22.71
53076  1  22.79
53456  1  22.97
53836  1  22.71
54216  1  22.79
54596  1  22.88
54977  1  22.79
55357  1  22.88
55737  1  22.88
56117  1  22.79
56497  1  22.79
56877  1  22.79
57256  1  22.79
57636  1  22.79
58016  1  22.79
58396  1  22.79
58777  1  22.79
59157  1  22.97
59537  1  22.88
59917  1  22.88
60297  1  22.88
60677  1  22.88
61057  1  22.88
61436  1  22.79
61816  1  22.88
62196  1  22.88
62577  1  22.79
62957  1  22.97
63337  1  22.88
63717  1  22.88
64097  1  23.06
64477  1  22.88
64857  1  22.88
65236  1  22.88
65616  1  22.54
65997  1  22.97
66377  1  22.97
66757  1  22.97
67137  1  22.97
67517  1  22.88
67897  1  22.97
68277  1  22.97
68657  1  22.97
69037  1  23.06
69417  1  22.97
69797  1  23.06
70177  1  22.97
70557  1  23.06
70937  1  22.97
71317  1  22.97
71697  1  22.97
72077  1  22.97
72457  1  22.97
72838  1  23.06
73218  1  23.06
73597  1  23.06
73977  1  23.06
74357  1  23.06
74737  1  23.06
75117  1  23.06
75497  1  23.06
75877  1  23.06
76257  1  23.06
76638  1  23.06
77018  1  23.06
77398  1  23.14
77777  1  23.06
78157  1  23.14
78537  1  23.06
78917  1  23.06
79297  1  23.06
79677  1  23.06
80058  1  23.14
80438  1  23.14
80818  1  23.14
81198  1  23.06
81577  1  23.32
81957  1  23.14
82337  1  23.14
82717  1  22.88
83097  1  23.14
83478  1  23.14
83858  1  23.14
84238  1  23.14
84618  1  23.14
84998  1  23.14
85378  1  23.14
85757  1  23.14
86137  1  23.14
86517  1  23.14
86897  1  23.14
87278  1  23.23
87658  1  23.23
88038  1  23.23
88418  1  23.14
88798  1  23.23
89178  1  23.23
89558  1  23.23
89937  1  23.32
90317  1  23.23
90698  1  23.23
91078  1  23.23
91458  1  23.23
91838  1  23.32
92218  1  23.23
92598  1  23.23
92978  1  23.23
93358  1  23.23
93739  1  23.32
94118  1  23.06
94498  1  23.23
94878  1  23.32
95258  1  23.23
95638  1  23.32
96018  1  23.41
96398  1  23.32
96778  1  23.32
97159  1  23.32
97539  1  23.32
97918  1  23.06
98298  1  23.32
98678  1  23.32
99058  1  23.32
99438  1  23.32
99818  1  23.32
100199  1  23.32
100579  1  23.32
100959  1  23.41
101339  1  23.41
101719  1  23.41
102098  1  23.41
102479  1  23.41
102859  1  23.41
103239  1  23.41
103619  1  23.41
103999  1  23.50
104379  1  23.41
104759  1  23.41
105140  1  23.41
105520  1  23.41
105900  1  23.41
106279  1  23.41
106659  1  23.41
107039  1  23.41
107420  1  23.41
107800  1  23.41
108180  1  23.50
108560  1  23.41
108940  1  23.50
109320  1  23.41
109701  1  23.41
110081  1  23.50
110460  1  23.50
110840  1  23.50
111220  1  23.50
111600  1  23.50
111980  1  23.50
112360  1  23.50
112741  1  23.50
113121  1  23.59
113501  1  23.50
113881  1  23.50
114260  1  23.50
114640  1  23.50
115020  1  23.50
115401  1  23.50
115781  1  23.59
116161  1  23.59
116541  1  23.59
116921  1  23.68
117301  1  23.59
117682  1  23.59
118062  1  23.68
118441  1  23.59
118821  1  23.50
119201  1  23.59
119581  1  23.77
119962  1  23.59
120342  1  23.59
120722  1  23.59
121102  1  23.59
121482  1  23.59
121862  1  23.59
122243  1  23.59
122622  1  23.59
123002  1  23.59
123382  1  23.59
123762  1  23.59
124142  1  23.68
124523  1  23.68
124903  1  23.68
125283  1  23.68
125663  1  23.68
126043  1  23.59
126423  1  23.68
126804  0  23.86
127186  0  23.86
127567  0  23.86
127949  0  23.86
128330  0  23.86
128712  0  23.86
129093  0  23.86
129475  0  23.68
129857  0  23.86
130238  0  23.86
130620  0  23.86
131001  0  23.86
131383  0  23.86
131765  0  23.95
132146  0  23.95
132528  0  23.95
132909  0  23.95
133291  0  23.95
133671  0  23.86
134053  0  23.95
134435  0  23.95
134816  0  23.95
135198  0  23.95
135579  0  23.95
135961  0  23.95
136343  0  23.95
136724  0  23.95
137106  0  23.95
137487  0  23.95
137869  0  23.95
138250  0  23.95
138632  0  23.95
139014  0  23.95
139395  0  23.95
139777  0  23.95
140157  0  23.95
140539  0  23.95
140921  0  23.95
141302  0  23.95
141684  0  23.95
142065  0  23.95
142447  0  23.95
142829  0  23.95
143210  0  23.95
143592  0  24.04
143973  0  24.04
144355  0  24.04
144736  0  24.04
145118  0  24.04
145500  0  24.04
145881  0  24.04
146263  0  23.59
146643  0  24.04
147025  0  24.04
147406  0  24.04
147788  0  23.95
148169  0  24.04
148551  0  24.04
148933  0  24.04
149314  0  24.04
149696  0  24.04
150077  0  24.04
150459  0  24.04
150841  0  24.04
151222  0  24.04
151604  0  24.04
151985  0  24.04
152367  0  24.04
152748  0  24.04
153129  0  24.04
153511  0  24.04
153892  0  24.04
154274  0  24.04
154655  0  24.04
155037  0  24.13
155418  0  24.04
155800  0  24.04
156181  0  24.04
156563  0  24.04
156945  0  24.04
157326  0  24.13
157708  0  24.04
158089  0  24.04
158471  0  24.04
158852  0  24.13
159234  0  24.04
159616  0  24.04
159996  0  24.04
160378  0  24.04
160759  0  24.04
161141  0  24.04
161522  0  24.04
161904  0  24.04
162286  0  24.04
162667  0  24.04
163049  0  24.04
163430  0  24.04
163812  0  24.04
164193  0  24.04
164575  0  24.04
164957  0  24.04
165338  0  24.13
165720  0  24.13
166100  0  24.04
166482  0  24.04
166863  0  24.13
167245  0  23.77
167627  0  24.13
168008  0  24.13
168390  0  24.13
168771  0  24.13
169153  0  24.13
169535  0  24.13
169916  0  24.13
170298  0  24.13
170679  0  24.13
171061  0  24.13
171443  0  24.13
171824  0  24.13
172206  0  24.13
172587  0  24.22
172968  0  24.04
173350  0  24.13
173731  0  24.13
174113  0  24.13
174494  0  24.13
174876  0  24.13
175257  0  24.13
175639  0  24.13
176021  0  24.13
176402  0  24.13
176784  0  24.13
177165  0  24.13
177547  0  24.13
177928  0  24.13
178310  0  24.13
178692  0  24.13
179073  0  24.13
179454  0  24.13
179835  0  24.13
180217  0  24.13
180599  0  24.13
180980  0  24.13
181362  0  24.13
181743  0  24.13
182125  0  24.13
182507  0  24.13
182888  0  24.13
183270  0  24.13
183651  0  24.13
184033  0  24.13
184414  0  24.22
184796  0  24.13
185178  0  24.22
185559  0  24.13
185940  0  24.13
186321  0  24.13
186703  0  24.13
187085  0  24.13
187466  0  24.13
187848  0  24.13
188229  0  24.13
188611  0  24.22
188992  0  24.13
189374  0  24.22
189756  0  24.13
190137  0  24.31
190519  0  24.13
190900  0  24.22
191282  0  24.13
191663  0  24.22
192045  0  24.13
192427  0  24.13
192807  0  24.13
193189  0  24.22
193570  0  24.13
193952  0  24.13
194334  0  24.22
194715  0  24.22
195097  0  24.22
195478  0  24.22
195860  0  24.22
196242  0  24.22
196623  0  24.22
197005  0  24.22
197386  0  24.22
197768  0  24.22
198149  0  24.22
198531  0  24.31
198913  0  24.22
199293  0  24.31
199675  0  24.22
200056  0  24.22
200438  0  24.22
200820  0  24.13
201201  0  24.22
201583  0  24.22
201964  0  24.13
202346  0  24.13
202727  0  24.31
203109  0  24.22
203491  0  24.13
203872  0  24.22
204254  0  24.22
204635  0  24.22
205017  0  24.22
205398  0  24.22
205779  0  24.22
206161  0  24.22
206542  0  24.22
206924  0  24.22
207305  0  24.22
207687  0  24.22
208068  0  24.13
208450  0  24.22
208832  0  24.22
209213  0  24.31
209595  0  24.22
209976  0  24.22
210358  0  24.22
210740  0  24.22
211121  0  24.22
211503  0  24.22
211884  0  24.22
212265  0  24.22
212647  0  24.22
213028  0  24.22
213410  0  24.22
213791  0  24.22
214173  0  24.22
214555  0  24.22
214936  0  24.22
215318  0  24.31
215699  0  24.22
216081  0  24.22
216462  0  24.22
216844  0  24.31
217226  0  24.31
217607  0  24.22
217989  0  24.31
218370  0  24.22
218752  0  24.40
219133  0  24.22
219514  0  24.31
219896  0  24.22
220277  0  24.31
220659  0  24.31
221040  0  24.31
221422  0  24.31
221804  0  24.31
222185  0  24.31
222567  0  24.31
222948  0  24.31
223330  0  24.40
223712  0  24.22
224093  0  24.22
224475  0  24.31
224856  0  24.31
225238  0  24.31
225618  0  24.31
226000  0  24.31
226382  0  24.31
226763  0  24.31
227145  0  24.31
227526  0  24.31
227908  0  24.31
228290  0  24.31
228671  0  24.31
229053  0  24.31
229434  0  24.31
229816  0  24.31
230198  0  24.31
230579  0  24.31
230961  0  24.31
231342  0  24.31
231724  0  24.31
232105  0  24.31
232486  0  24.31
232868  0  24.31
233249  0  24.31
233631  0  24.31
234012  0  24.31
234394  0  24.40
234776  0  24.31
235157  0  24.40
235539  0  24.31
235920  0  24.31
236302  0  24.31
236683  0  24.31
237065  0  22.11
237447  0  24.31
237828  0  24.31
238210  0  24.31
238590  0  24.31
238972  0  24.31
239354  0  24.22
239735  0  24.31
240117  0  24.13
240498  0  24.40
240880  0  24.31
241261  0  24.31
241643  0  24.40
242025  0  24.40
242406  0  24.40
242788  0  24.31
243169  0  24.31
243551  0  24.40
243932  0  24.31
244314  0  24.31
244696  0  24.40
245076  0  24.40
245458  0  24.40
245839  0  24.40
246221  0  24.40
246602  0  24.40
246982  1  24.13
247363  1  24.13
247743  1  24.22
248123  1  24.22
248503  1  24.22
248883  1  24.22
249264  1  24.22
249644  1  24.22
250023  1  24.40
250403  1  24.31
250783  1  24.22
251163  1  24.22
251543  1  24.22
251924  1  24.22
252304  1  24.22
252684  1  24.22
253064  1  24.13
253444  1  24.50
253825  1  24.22
254204  1  24.22
254584  1  24.22
254964  1  24.22
255344  1  24.22
255724  1  24.22
256105  1  24.22
256485  1  24.22
256865  1  24.22
257245  1  24.22
257625  1  24.22
258004  1  24.22
258384  1  24.22
258765  1  24.13
259145  1  24.22
259525  1  24.22
259905  1  24.22
260285  1  24.22
260666  1  24.31
261046  1  24.22
261426  1  24.31
261806  1  24.22
262185  1  24.31
262565  1  24.31
262946  1  24.40
263326  1  24.31
263706  1  24.31
264086  1  24.04
264466  1  24.31
264846  1  24.31
265227  1  24.31
265607  1  24.31
265987  1  24.40
266366  1  24.31
266746  1  24.22
267126  1  24.40
267506  1  24.31
267887  1  24.40
268267  1  24.31
268647  1  24.31
269027  1  24.31
269407  1  24.31
269787  1  24.31
270168  1  24.40
270547  1  24.40
270927  1  24.31
271307  1  24.40
271687  1  24.40
272067  1  24.31
272448  1  24.40
272828  1  24.40
273208  1  24.40
273588  1  24.40
273968  1  24.40
274348  1  24.40
274727  1  24.40
275107  1  24.40
275488  1  24.40
275868  1  24.40
276248  1  24.40
276628  1  24.31
277008  1  24.40
277388  1  24.50
277769  1  24.40
278149  1  24.40
278529  1  24.40
278908  1  24.40
279288  1  24.50
279668  1  24.40
280048  1  24.22
280429  1  24.50
280809  1  24.50
281189  1  24.50
281569  1  24.50
281949  1  24.68
282329  1  24.50
282708  1  24.50
283089  1  24.13
283469  1  24.50
283849  1  24.59
284229  1  24.59
284609  1  24.50
284989  1  24.40
285370  1  24.50
285750  1  24.50
286130  1  24.50
286510  1  24.50
286889  1  24.50
287269  1  24.50
287649  1  24.13
288030  1  24.50
288410  1  24.59
288790  1  24.59
289170  1  24.50
289550  1  24.59
289930  1  24.59
290310  1  24.59
290691  1  24.59
291070  1  24.59
291450  1  24.59
291830  1  24.59
292210  1  24.59
292591  1  24.40
292971  1  24.59
293351  1  24.59
293731  1  24.59
294111  1  24.59
294491  1  24.68
294871  1  24.68
295251  1  24.59
295631  1  24.59
296011  1  24.31
296391  1  24.59
296771  1  24.59
297152  1  24.68
297532  1  24.68
297912  1  24.68
298292  1  24.68
298672  1  24.68
299052  1  24.68
299431  1  24.68
299812  1  24.68
300192  1  24.68
300572  1  24.68
300952  1  24.68
301332  1  24.68
301712  1  24.68
302093  1  24.68
302473  1  24.77
302853  1  24.68
303233  1  24.77
303612  1  24.68
303992  1  24.68
304373  1  24.87
304753  1  24.77
305133  1  24.59
305513  1  24.77
305893  1  24.68
306273  1  24.77
306654  1  24.77
307034  1  24.77
307414  1  24.77
307793  1  24.77
308173  1  24.77
308553  1  24.68
308934  1  24.77
309314  1  24.77
309694  1  24.77
310074  1  24.77
310454  1  24.77
310834  1  24.77
311215  1  24.68
311595  1  24.87
311974  1  24.77
312354  1  24.77
312734  1  24.77
313114  1  24.87
313494  1  24.87
313875  1  24.87
314255  1  24.87
314635  1  24.87
315015  1  24.87
315395  1  24.77
315774  1  24.87
316155  1  24.87
316535  1  24.87
316915  1  24.87
317295  1  24.87
317675  1  24.87
318055  1  24.96
318436  1  24.87
318816  1  24.87
319196  1  24.87
319576  1  24.87
319955  1  24.87
320335  1  24.87
320716  1  24.87
321096  1  24.87
321476  1  24.87
321856  1  24.96
322236  1  24.96
322616  1  24.87
322996  1  24.96
323377  1  24.96
323757  1  24.96
324136  1  24.96
324516  1  24.96
324896  1  24.96
325277  1  24.96
325657  1  24.96
326037  1  24.96
326417  1  24.96
326797  1  24.96
327177  1  25.06
327557  1  24.96
327938  1  24.87
328317  1  24.96
328697  1  24.96
329077  1  24.96
329457  1  24.96
329838  1  24.96
330218  1  24.96
330598  1  24.96
330978  1  24.96
331358  1  24.96
331738  1  25.06
332118  1  24.96
332498  1  25.06
332878  1  25.15
333258  1  22.54
333638  1  24.96
334018  1  25.06
334398  1  25.06
334779  1  25.06
335159  1  25.06
335539  1  25.06
335919  1  24.96
336299  1  25.06
336678  1  25.06
337058  1  24.96
337439  1  25.06
337819  1  25.06
338199  1  23.23
338579  1  25.25
338959  1  25.06
339339  1  25.06
339719  1  25.06
340100  1  25.06
340480  1  25.06
340859  1  25.06
341239  1  25.06
341619  1  25.15
341999  1  25.15
342380  1  25.15
342760  1  25.06
343140  1  25.15
343520  1  25.15
343900  1  25.15
344280  1  25.15
344660  1  25.15
345040  1  25.15
345420  1  25.06
345800  1  25.25
346180  1  25.15
346560  1  25.15
346941  1  25.15
347321  1  25.15
347701  1  25.15
348081  1  25.15
348461  1  25.06
348840  1  25.06
349221  1  25.15
349601  1  25.06
349981  1  25.15
350361  1  25.25
350741  1  25.15
351121  1  25.25
351502  1  25.25
351882  1  25.25
352262  1  25.25
352642  1  25.06
353021  1  25.25
353401  1  25.44
353782  1  25.34
354162  1  25.15
354542  1  24.87
354922  1  25.25
355302  1  25.25
355682  1  25.34
356063  1  25.25
356443  1  25.25
356823  1  25.25
357202  1  25.25
357582  1  25.25
357962  1  25.34
358343  1  25.25
358723  1  25.06
359103  1  25.34
359483  1  25.34
359863  1  25.34
360243  1  25.34
360624  1  25.34
361004  1  25.34
361383  1  25.34
361763  1  25.34
362143  1  25.34
362523  1  25.34
362904  1  25.34
363284  1  25.44
363664  1  25.34
364044  1  25.34
364424  1  25.34
364804  1  25.34
365185  1  25.34
365564  1  25.34
365944  1  25.34
366324  1  25.34
366704  1  25.34
367086  0  25.53
367467  0  25.63
367849  0  25.53
368231  0  25.63
368612  0  25.63
368994  0  25.63
369375  0  25.53
369757  0  25.63
370139  0  25.63
370520  0  25.63
370902  0  25.63
371282  0  25.72
371664  0  25.53
372045  0  25.63
372427  0  25.63
372809  0  25.63
373190  0  25.63
373572  0  25.63
373953  0  25.63
374335  0  25.63
374717  0  25.63
375098  0  25.63
375480  0  25.63
375861  0  25.72
376243  0  25.63
376624  0  25.63
377006  0  25.72
377388  0  25.63
377768  0  25.63
378150  0  25.63
378531  0  25.63
378913  0  25.63
379294  0  25.72
379676  0  25.63
380058  0  25.72
380439  0  25.72
380821  0  25.72
381202  0  22.11
381584  0  25.72
381966  0  25.72
382347  0  25.72
382729  0  25.72
383110  0  25.72
383492  0  25.72
383873  0  25.72
384254  0  25.72
384636  0  25.72
385017  0  25.44
385399  0  25.72
385780  0  25.72
386162  0  25.44
386543  0  25.72
386925  0  25.82
387307  0  25.72
387688  0  25.72
388070  0  25.72
388451  0  25.82
388833  0  25.72
389214  0  25.72
389596  0  25.72
389978  0  25.72
390359  0  25.72
390740  0  25.72
391121  0  25.72
391503  0  25.72
391885  0  25.72
392266  0  25.72
392648  0  25.72
393029  0  25.72
393411  0  25.72
393793  0  25.72
394174  0  25.72
394556  0  25.92
394937  0  25.63
395319  0  25.72
395701  0  25.72
396082  0  25.72
396464  0  25.72
396845  0  25.72
397227  0  25.82
397607  0  25.72
397989  0  25.72
398370  0  25.72
398752  0  25.72
399134  0  25.72
399515  0  25.72
399897  0  25.72
400278  0  25.72
400660  0  25.72
401041  0  25.63
401423  0  25.72
401805  0  25.72
402186  0  25.92
402568  0  25.72
402949  0  25.72
403331  0  25.72
403712  0  25.72
404093  0  25.72
404475  0  25.72
404856  0  25.72
405238  0  25.82
405619  0  25.72
406001  0  25.72
406383  0  25.72
406764  0  25.82
407146  0  25.72
407527  0  25.72
407909  0  25.72
408291  0  25.82
408672  0  25.72
409054  0  25.72
409435  0  25.72
409817  0  25.72
410199  0  25.82
410579  0  25.82
410961  0  25.82
411342  0  25.72
411724  0  25.82
412106  0  25.82
412487  0  25.72
412869  0  25.82
413250  0  22.45
413632  0  25.72
414013  0  25.82
414395  0  25.72
414777  0  25.72
415158  0  25.82
415540  0  25.82
415921  0  25.82
416303  0  25.82
416685  0  25.82
417065  0  25.72
417447  0  25.82
417828  0  25.82
418210  0  25.82
418592  0  25.82
418973  0  25.82
419355  0  25.72
419736  0  25.82
420118  0  25.82
420499  0  25.82
420881  0  25.72
421263  0  25.82
421644  0  25.82
422026  0  25.82
422407  0  25.82
422789  0  25.82
423171  0  25.82
423552  0  25.72
423933  0  25.82
424314  0  25.82
424696  0  25.82
425077  0  26.02
425459  0  25.82
425841  0  25.72
426222  0  25.82
426604  0  25.82
426985  0  26.02
427367  0  25.72
427749  0  25.82
428130  0  25.82
428512  0  25.82
428893  0  25.82
429275  0  25.82
429657  0  25.82
430038  0  25.82
430419  0  25.53
430800  0  25.53
431182  0  25.82
431564  0  25.82
431945  0  25.72
432327  0  26.21
432708  0  25.82
433090  0  25.82
433472  0  25.82
433853  0  25.82
434235  0  25.82
434616  0  25.82
434998  0  25.92
435380  0  25.92
435761  0  25.92
436143  0  25.82
436524  0  25.82
436905  0  25.82
437286  0  25.82
437668  0  25.82
438050  0  25.82
438431  0  25.82
438813  0  25.82
439194  0  25.82
439576  0  25.82
439958  0  25.82
440339  0  25.82
440721  0  25.15
441102  0  25.82
441484  0  25.92
441865  0  25.82
442247  0  25.63
442629  0  25.82
443010  0  25.92
443392  0  25.82
443772  0  25.82
444154  0  25.82
444536  0  25.82
444917  0  25.92
445299  0  25.92
445680  0  25.82
446062  0  25.82
446444  0  22.97
446825  0  25.82
447207  0  25.82
447588  0  25.82
447970  0  25.82
448352  0  25.92
448733  0  25.82
449115  0  25.82
449496  0  25.82
449878  0  25.82
450258  0  25.72
450640  0  25.82
451022  0  25.82
451403  0  25.82
451785  0  25.82
452166  0  25.82
452548  0  25.92
452929  0  25.82
453311  0  25.82
453693  0  25.82
454074  0  25.82
454456  0  25.92
454837  0  25.82
455219  0  25.82
455601  0  25.82
455982  0  25.92
456364  0  25.82
456744  0  25.82
457126  0  25.82
457507  0  25.92
457889  0  25.92
458271  0  25.82
458652  0  25.92
459034  0  25.92
459415  0  25.92
459797  0  25.82
460178  0  25.92
460560  0  25.82
460942  0  25.82
461323  0  25.92
461705  0  25.92
462086  0  25.92
462468  0  25.92
462850  0  25.92
463230  0  25.92
463612  0  25.92
463993  0  25.92
464375  0  25.92
464757  0  25.92
465138  0  25.63
465520  0  25.82
465901  0  25.92
466283  0  25.92
466665  0  25.92
467046  0  25.53
467428  0  25.92
467809  0  25.92
468191  0  25.92
468573  0  25.92
468954  0  25.92
469336  0  25.92
469716  0  25.92
470098  0  25.82
470479  0  26.02
470861  0  25.92
471243  0  25.92
471624  0  26.02
472006  0  25.92
472387  0  25.82
472769  0  25.92
473151  0  25.92
473532  0  25.92
473914  0  26.11
474295  0  25.92
474677  0  25.92
475059  0  25.92
475440  0  25.92
475822  0  26.02
476203  0  25.92
476584  0  25.82
476965  0  25.92
477347  0  25.92
477729  0  26.02
478110  0  25.92
478492  0  25.92
478873  0  25.92
479255  0  25.92
479637  0  25.92
480018  0  25.92
480400  0  25.92
480781  0  25.82
481163  0  25.92
481544  0  25.92
481926  0  25.92
482308  0  25.92
482689  0  25.92
483070  0  25.82
483451  0  25.92
483833  0  25.92
484215  0  25.92
484596  0  25.92
484978  0  25.92
485359  0  25.92
485741  0  25.92
486122  0  26.02
486504  0  25.92
486886  0  26.02
487266  1  25.72
487646  1  25.72
488026  1  25.72
488406  1  25.72
488785  1  25.72
489165  1  25.72
489546  1  25.34
489926  1  25.72
490306  1  25.72
490686  1  25.72
491066  1  25.72
491446  1  25.72
491827  1  25.82
492207  1  25.63
492587  1  25.72
492966  1  25.72
493346  1  25.72
493727  1  25.72
494107  1  25.72
494487  1  25.72
494867  1  25.72
495247  1  25.72
495627  1  25.72
496008  1  25.72
496388  1  25.82
496768  1  25.72
497147  1  25.72
497527  1  25.72
497907  1  24.22
498287  1  25.72
498668  1  25.72
499048  1  25.82
499428  1  25.82
499808  1  25.82
500188  1  25.72
500569  1  25.82
500948  1  25.82
501328  1  25.82
501708  1  25.82
502088  1  25.82
502468  1  25.82
502849  1  25.82
503229  1  25.92
503609  1  25.82
503989  1  25.82
504369  1  25.82
504749  1  25.82
505128  1  25.82
505509  1  25.82
505889  1  25.82
506269  1  25.82
506649  1  25.82
507029  1  25.82
507409  1  25.82
507789  1  25.82
508170  1  25.82
508550  1  25.82
508930  1  26.02
509309  1  25.92
509689  1  25.82
510070  1  25.92
510450  1  25.92
510830  1  25.92
511210  1  25.92
511590  1  25.92
511970  1  25.92
512350  1  26.02
512731  1  25.63
513111  1  25.92
513490  1  25.82
513870  1  25.92
514250  1  25.82
514630  1  25.92
515010  1  26.11
515391  1  25.44
515771  1  25.92
516151  1  25.92
516531  1  25.92
516911  1  25.92
517291  1  25.92
517671  1  25.92
518051  1  26.11
518431  1  26.11
518811  1  26.02
519191  1  26.02
519571  1  26.02
519951  1  26.02
520332  1  26.02
520712  1  26.02
521092  1  26.02
521472  1  26.02
521851  1  26.02
522231  1  26.02
522612  1  26.02
522992  1  26.02
523372  1  26.02
523752  1  26.11
524132  1  26.02
524513  1  26.02
524893  1  26.02
525273  1  26.11
525652  1  26.02
526032  1  25.92
526412  1  26.11
526792  1  26.02
527172  1  26.31
527553  1  26.11
527933  1  26.11
528313  1  26.11
528693  1  26.11
529073  1  26.02
529453  1  26.11
529833  1  26.11
530213  1  26.11
530593  1  26.11
530973  1  26.11
531353  1  26.11
531733  1  26.11
532114  1  26.11
532494  1  25.82
532874  1  26.02
533254  1  26.11
533634  1  26.11
534013  1  26.11
534393  1  26.11
534774  1  26.11
535154  1  26.11
535534  1  26.21
535914  1  26.21
536294  1  26.11
536674  1  26.11
537055  1  26.11
537435  1  26.11
537815  1  26.21
538194  1  26.21
538574  1  26.11
538954  1  26.21
539334  1  26.41
539715  1  26.21
540095  1  26.21
540475  1  26.21
540855  1  26.21
541235  1  26.21
541615  1  26.11
541995  1  26.21
542375  1  26.21
542755  1  26.21
543135  1  26.21
543515  1  26.21
543895  1  26.21
544275  1  26.21
544656  1  26.21
545036  1  26.21
545416  1  26.21
545796  1  26.21
546176  1  26.21
546555  1  26.21
546936  1  26.21
547316  1  26.31
547696  1  26.21
548076  1  26.31
548456  1  26.31
548836  1  26.31
549216  1  26.31
549597  1  26.31
549977  1  26.31
550356  1  26.21
550736  1  26.31
551116  1  26.80
551496  1  26.21
551877  1  26.31
552257  1  26.31
552637  1  26.31
553017  1  26.31
553397  1  26.31
553778  1  26.31
554158  1  26.31
554537  1  26.31
554917  1  26.31
555297  1  26.31
555677  1  26.31
556058  1  26.41
556438  1  26.31
556818  1  26.41
557198  1  26.21
557578  1  26.61
557958  1  26.41
558339  1  26.41
558718  1  26.41
559098  1  26.41
559478  1  26.41
559858  1  26.31
560238  1  26.41
560619  1  26.31
560999  1  26.41
561379  1  26.41
561759  1  26.41
562139  1  26.41
562519  1  26.41
562899  1  26.41
563279  1  26.41
563659  1  26.41
564039  1  26.41
564419  1  26.51
564799  1  26.41
565179  1  26.41
565560  1  26.41
565940  1  26.41
566320  1  26.41
566700  1  26.31
567079  1  26.51
567459  1  26.51
567840  1  26.51
568220  1  26.51
568600  1  26.41
568980  1  26.51
569360  1  26.51
569740  1  26.51
570120  1  26.51
570501  1  26.51
570881  1  26.51
571260  1  26.41
571640  1  26.51
572020  1  26.51
572401  1  26.51
572781  1  26.51
573161  1  26.61
573541  1  26.51
573921  1  26.51
574301  1  26.51
574682  1  26.51
575062  1  26.51
575441  1  26.51
575821  1  24.22
576201  1  26.61
576581  1  26.51
576962  1  26.61
577342  1  26.61
577722  1  26.51
578102  1  26.71
578482  1  26.61
578862  1  26.61
579243  1  26.51
579622  1  26.71
580002  1  26.31
580382  1  26.61
580762  1  26.61
581142  1  26.61
581523  1  26.61
581903  1  26.71
582283  1  26.61
582663  1  26.61
583043  1  26.51
583422  1  26.61
583803  1  26.61
584183  1  26.61
584563  1  26.61
584943  1  26.71
585323  1  26.61
585703  1  26.51
586084  1  26.61
586464  1  26.61
586844  1  26.71
587224  1  26.71
587603  1  26.61
587983  1  26.71
588364  1  26.71
588744  1  26.71
589124  1  26.71
589504  1  26.71
589884  1  26.71
590264  1  26.71
590645  1  26.71
591025  1  26.61
591405  1  26.71
591784  1  26.71
592164  1  26.71
592545  1  26.80
592925  1  26.71
593305  1  26.80
593685  1  26.71
594065  1  26.71
594445  1  26.71
594826  1  26.71
595206  1  26.71
595586  1  26.61
595965  1  26.71
596345  1  26.80
596725  1  26.71
597105  1  26.71
597486  1  26.80
597866  1  26.80
598246  1  26.71
598626  1  26.80
599006  1  26.80
599386  1  26.80
599766  1  26.80
600146  1  26.80
600526  1  26.80
600906  1  26.71
601286  1  26.80
601666  1  26.80
602046  1  26.91
602426  1  26.80
602807  1  26.80
603187  1  26.80
603567  1  26.80
603947  1  26.80
604326  1  26.80
604706  1  26.80
605086  1  26.80
605466  1  26.80
605846  1  26.80
606227  1  26.80
606607  1  26.80
606987  1  26.80
607368  0  27.01
607750  0  27.11
608131  0  27.11
608513  0  27.21
608894  0  27.11
609275  0  27.11
609657  0  27.11
610038  0  27.11
610420  0  27.01
610801  0  26.71
611183  0  27.11
611565  0  27.21
611946  0  26.51
612328  0  27.11
612709  0  27.11
613091  0  27.11
613472  0  27.11
613854  0  27.11
614236  0  27.11
614617  0  27.11
614999  0  27.11
615379  0  27.21
615761  0  27.11
616143  0  27.21
616524  0  27.11
616906  0  27.11
617287  0  27.21
617669  0  27.11
618051  0  27.11
618432  0  27.11
618814  0  27.21
619195  0  26.31
619577  0  27.11
619959  0  27.21
620340  0  27.21
620722  0  27.21
621103  0  27.21
621485  0  27.11
621865  0  27.21
622247  0  27.11
622629  0  27.21
623010  0  27.21
623392  0  27.21
623773  0  27.21
624155  0  27.21
624536  0  27.21
624918  0  27.21
625300  0  27.21
625681  0  27.21
626063  0  27.11
626445  0  27.31
626826  0  27.21
627208  0  27.21
627589  0  27.11
627971  0  27.21
628353  0  27.21
628733  0  27.21
629115  0  27.11
629496  0  27.21
629878  0  27.21
630259  0  27.21
630641  0  27.21
631023  0  27.21
631404  0  27.21
631786  0  27.21
632167  0  27.21
632549  0  27.21
632930  0  27.21
633312  0  27.21
633694  0  27.21
634075  0  27.21
634457  0  27.21
634838  0  27.21
635219  0  27.21
635601  0  27.21
635982  0  27.21
636364  0  27.21
636745  0  27.11
637127  0  27.11
637509  0  27.21
637890  0  27.21
638272  0  27.11
638653  0  27.21
639035  0  27.21
639416  0  27.21
639798  0  27.21
640179  0  27.21
640561  0  27.21
640943  0  27.21
641324  0  27.21
641705  0  27.11
642086  0  27.21
642468  0  27.21
642850  0  27.31
643231  0  27.21
643613  0  27.21
643994  0  27.21
644376  0  27.21
644758  0  27.21
645139  0  27.01
645521  0  27.21
645902  0  27.21
646284  0  27.11
646665  0  27.21
647047  0  27.21
647429  0  27.21
647810  0  27.21
648192  0  27.21
648572  0  27.21
648954  0  27.21
649336  0  27.21
649717  0  27.31
650099  0  27.21
650480  0  27.21
650862  0  27.21
651243  0  27.21
651625  0  27.31
652007  0  27.21
652388  0  27.21
652770  0  27.21
653151  0  27.21
653533  0  27.21
653915  0  27.21
654296  0  27.21
654678  0  27.21
655058  0  27.21
655440  0  27.21
655821  0  27.21
656203  0  27.21
656585  0  27.21
656966  0  27.21
657348  0  27.21
657730  0  27.21
658111  0  27.31
658493  0  27.21
658874  0  27.21
659256  0  27.21
659638  0  27.31
